-4.337089623674907773e-02
-9.316536588577173589e-04
-1.269881469150929421e-01
-5.402633331981628040e-02
6.713540415596931481e-03
-2.033047871405812002e-01
-6.977733911206980555e-02
7.394084222443315056e-03
-2.126291101111350557e-01
-1.009860834348702552e-02
1.096980660564913362e-02
-2.135496207900740295e-01
-2.637391250842302005e-03
1.138189626987483327e-02
-2.044913030203557580e-01
-5.610575690800080617e-02
4.094341882713530131e-04
-1.308156508688415320e-01
2.544642746094946412e-03
4.006555124507266662e-03
-1.218768007307723389e-01
-1.844122126304776482e-02
1.068123846787816418e-02
-2.201405942258795323e-01
-1.269251761604282781e-03
3.392302437826516179e-03
-1.233453245785956359e-01
5.082828651228307043e-02
1.391964572067089581e-02
-2.176553724583307481e-01
-8.655292399043508500e-02
8.443784622867291784e-03
-2.190634079177199711e-01
0.000000000000000000e+00
0.000000000000000000e+00
0.000000000000000000e+00
5.682868077854884986e-02
1.716463746827640718e-02
-2.084132605612429578e-01
-7.052325856010067950e-02
2.396639091970411209e-03
-1.330109582283494907e-01
4.495015931687508515e-02
1.115386838277839139e-02
-2.223811970950323735e-01
-4.480927160781563411e-03
4.212871122346262438e-03
-1.219688280122163127e-01
0.000000000000000000e+00
0.000000000000000000e+00
0.000000000000000000e+00
5.353284599945019873e-02
1.454599148891043588e-02
-1.244307905866130770e-01
4.515140991805072224e-02
5.630805660750900186e-03
-1.279306504784265830e-01
0.000000000000000000e+00
0.000000000000000000e+00
0.000000000000000000e+00
0.000000000000000000e+00
0.000000000000000000e+00
0.000000000000000000e+00
3.933798204410274973e-02
-2.725870143682995977e-04
-1.275431322499834819e-01
0.000000000000000000e+00
0.000000000000000000e+00
0.000000000000000000e+00
0.000000000000000000e+00
0.000000000000000000e+00
0.000000000000000000e+00
0.000000000000000000e+00
0.000000000000000000e+00
0.000000000000000000e+00
0.000000000000000000e+00
0.000000000000000000e+00
0.000000000000000000e+00
0.000000000000000000e+00
0.000000000000000000e+00
0.000000000000000000e+00
